4.021790666594439179e-01 -3.468415250070303740e-02
3.245168607746052314e-01 -1.284660750031045018e-01
-3.923109466325627737e-01 -4.646252958067578764e-02
3.750720307087759831e-02 7.507376033738976107e-01
-3.649455907018995249e-01 -1.374481870449167920e-01
5.126786980893657253e-01 -1.547394269977743764e-01
3.563250680331234155e-01 -1.691655450394612958e-01
-4.665161591999105739e-01 -1.399292968874699117e-01
-2.896924570182121128e-01 9.247691527000653777e-02
3.948204690473537393e-01 -1.512570727392393011e-01
-4.065418886417771493e-01 -1.490879406153473030e-01
-4.181240118589148458e-01 -1.371009262574541254e-01
-3.723221069073556211e-01 -1.460185493665858980e-01
-4.327308824654415575e-01 -1.656359407336121248e-01
-4.481510998183543815e-01 -1.810485070162789756e-01
3.831202754595149362e-01 -1.016246212827689177e-01
2.931462698463170313e-01 -6.465536444805938809e-02
4.452675227379275236e-01 -1.746180521375466921e-01
1.606932204051801302e-02 7.562589438498079630e-01
4.364098399713053356e-01 -1.711664009518726326e-01
-1.070545248592437264e-02 6.536351261091591924e-01
